5.009 -4.179 -1.644 -3.360 0.938
4.759 -5.926 4.434 -2.869 0.925
2.604 -5.057 4.492 -3.171 1.064
3.675 -5.196 4.178 4.066 0.813
4.789 -5.079 -3.617 3.735 0.856
6.224 -5.374 -1.411 -2.881 0.909
3.252 -4.319 -4.263 0.773 0.808
3.201 -3.976 -2.835 3.188 0.871
5.802 -3.579 0.561 -3.622 0.843
6.825 -3.786 1.027 4.776 0.928
5.541 -6.483 3.208 -3.712 1.175
4.777 -7.269 -1.275 3.722 1.084
-5.150 5.048 3.377 2.686 1.161
-6.840 4.963 -4.948 1.681 1.030
-5.378 6.617 -4.626 4.516 1.156
-5.278 4.294 1.427 3.550 0.901
-4.752 5.547 0.890 -4.892 0.992
-5.499 5.767 4.589 4.421 0.923
-4.416 4.660 0.778 3.400 1.172
-5.048 3.180 -4.777 -3.623 1.041
-4.176 6.409 3.097 -4.953 1.058
-5.140 3.459 0.049 -0.492 1.155
-4.975 3.652 2.580 4.422 0.859
-4.960 4.729 -0.578 -4.173 0.981
-4.741 -2.164 -2.987 -1.405 1.181
0.510 -5.391 -4.391 -3.094 1.130
-7.393 3.375 -4.311 -3.401 1.093
-5.066 -9.367 1.563 1.032 0.961
-7.101 -2.018 -3.859 0.969 0.974
9.872 -2.716 -2.847 -1.740 0.869
-6.773 -4.025 3.422 4.042 1.155
-1.750 -3.824 2.263 1.074 0.904
-2.822 7.886 4.435 0.223 1.138
-4.265 4.147 -1.090 0.611 0.968
-7.452 -2.950 4.474 -3.058 0.848
0.307 9.898 4.574 3.980 1.000
-2.215 4.567 -3.551 -0.298 0.909
2.440 7.673 1.161 0.163 0.946
0.626 8.473 4.592 -2.871 1.000
2.171 -2.237 2.585 -0.510 0.815
1.964 -5.638 -3.530 -3.554 1.006
-3.811 8.924 3.382 -4.278 1.165
-2.775 4.298 2.423 1.442 1.090
8.571 2.771 2.279 -3.527 1.034
-9.993 7.243 -3.191 3.466 0.976
-0.922 -4.577 3.167 -2.108 0.957
-6.523 4.388 1.928 0.973 1.173
-1.657 9.087 3.484 1.893 0.875
-8.470 2.723 -1.146 2.938 0.847
-4.968 8.837 1.438 -2.067 0.936
