5.867 -4.110 4.648 1.568 0.877
4.289 -4.740 4.862 -1.356 1.151
5.334 -4.296 3.873 -3.902 1.143
5.203 -6.959 4.315 3.450 0.956
5.033 -5.436 1.742 -2.030 1.168
5.205 -4.576 1.008 2.172 0.937
5.057 -4.789 -4.684 0.394 1.071
6.746 -5.063 0.084 -2.217 1.020
6.577 -7.172 1.557 -0.621 0.837
6.229 -4.775 -0.638 2.175 0.888
6.851 -4.942 0.627 -3.727 0.909
3.854 -5.132 -0.209 4.399 1.161
-5.873 3.698 0.444 -4.547 0.828
-4.893 5.346 -2.163 2.743 0.934
-3.852 4.886 1.527 0.337 0.925
-5.024 5.019 -4.338 -3.716 0.839
-5.200 4.978 -3.336 3.231 0.848
-5.895 3.986 -3.508 1.756 1.142
-6.783 6.627 -0.417 -1.202 1.035
-4.979 5.135 0.699 1.636 0.869
-3.958 7.191 1.887 1.581 0.964
-5.124 6.078 -0.453 4.338 0.871
-7.517 5.653 -0.096 -2.928 1.089
-2.602 4.830 3.416 -1.098 1.112
-6.930 1.531 -3.166 1.678 0.844
-7.919 -6.555 -2.487 -2.000 1.159
-5.055 5.115 -4.038 -3.804 1.079
-2.321 -9.189 0.124 -2.813 1.159
9.943 -8.973 -2.619 0.886 0.802
-7.645 -0.015 -2.658 0.703 1.195
-9.093 -1.138 2.827 3.212 1.048
-5.978 4.323 -4.780 0.921 0.976
4.558 5.241 0.204 2.425 1.188
6.175 -8.464 3.794 3.489 1.045
2.935 0.147 -0.920 2.664 0.851
-2.701 9.413 -2.092 -2.252 0.824
-5.565 2.143 -2.131 4.233 0.971
4.242 -0.622 4.357 -0.333 0.913
-5.469 -3.875 -3.598 -2.240 0.996
2.714 3.870 -2.544 3.942 0.814
-4.457 2.376 -1.438 -0.255 1.193
-1.666 4.343 -2.857 4.273 0.985
3.039 4.769 4.628 2.165 0.919
0.199 -7.566 0.974 3.378 0.853
-0.895 8.782 2.596 -2.594 0.983
-2.245 -8.463 -4.250 -0.774 1.130
-4.594 4.254 1.953 0.877 0.830
-2.471 1.582 -3.614 2.493 1.072
6.531 -6.808 1.689 -0.055 1.063
9.882 4.738 1.621 -4.385 0.926
