3.301 2.850 -0.460 -0.831 0.812
2.626 0.375 0.743 -0.606 1.083
-1.052 3.454 0.378 0.683 0.924
4.269 0.898 0.545 -0.581 1.119
-4.960 -3.495 -0.425 0.572 0.998
-2.078 0.536 0.104 -0.884 0.855
-1.222 -4.866 -0.323 0.443 0.986
4.561 1.348 0.292 0.085 0.943
1.348 -0.424 0.639 0.748 0.963
-0.295 1.326 -0.444 -0.530 1.134
-2.891 -3.161 -0.308 0.075 0.862
-0.972 -0.396 -0.399 0.098 0.825
4.205 -4.439 -0.493 0.798 1.107
-1.867 -1.797 -0.387 -0.072 1.036
0.560 -4.387 -0.886 -0.109 0.996
0.047 -2.016 0.632 0.612 1.049
0.570 2.538 0.381 -0.875 0.828
0.395 -3.791 0.898 0.228 0.964
-1.197 3.723 -0.762 0.428 0.989
-3.961 4.580 0.467 -0.561 1.044
-4.413 -0.839 0.477 0.067 1.095
2.612 3.741 -0.022 -0.810 0.834
-3.377 2.486 0.882 0.593 1.168
-4.519 -3.606 -0.135 -0.264 0.848
1.420 -3.638 0.880 0.255 1.020
-4.243 -4.651 -0.038 0.018 0.823
0.284 0.096 0.707 0.597 1.026
-2.325 -2.327 0.171 -0.794 1.027
2.082 -3.359 0.396 0.238 1.071
4.598 3.259 -0.390 0.097 0.925
3.605 -1.183 0.954 -0.146 1.104
-3.367 2.673 -0.518 -0.939 1.161
4.803 4.250 0.731 0.641 0.986
-4.732 -4.982 0.343 0.038 0.958
4.197 4.741 0.380 -0.750 1.156
2.033 0.052 0.307 -0.282 0.885
-1.612 -3.057 0.164 0.792 0.903
3.949 -2.079 0.174 0.715 0.926
-0.079 3.515 0.053 -0.224 1.174
-1.754 4.860 -0.625 -0.696 1.010
1.729 -3.473 0.050 -0.154 0.881
1.728 -1.066 0.998 0.731 1.100
2.878 0.975 -0.676 -0.390 0.895
0.014 1.202 -0.223 0.957 1.113
1.741 -3.050 0.752 0.307 1.160
-0.602 -3.131 -0.368 0.853 1.122
1.631 4.230 -0.352 -0.590 0.974
-1.830 4.230 -0.838 0.651 0.846
-3.530 4.263 0.808 0.161 1.187
-0.335 -2.500 -0.858 0.769 0.861
2.595 -0.683 0.305 0.348 1.137
3.048 0.389 -0.782 -0.812 1.175
1.525 -4.648 -0.755 0.738 0.808
1.954 -0.268 -0.108 -0.541 0.819
1.608 -3.295 0.170 0.335 0.863
-0.589 -2.763 -0.351 0.879 1.143
-3.565 -4.118 0.587 0.102 1.198
4.224 -0.307 0.293 0.677 0.893
2.275 -0.830 -0.036 0.949 0.889
0.578 -1.435 0.446 -0.612 0.925
-4.687 3.873 0.956 -0.090 0.889
3.862 -3.955 -0.623 -0.918 0.858
-1.643 -3.291 -0.758 0.884 1.123
-0.438 4.738 -0.436 0.963 1.116
-1.777 -1.071 -0.334 0.832 1.002
1.639 4.116 -0.021 0.968 0.929
3.226 -4.469 0.792 0.774 0.884
3.252 -3.047 -0.151 0.329 0.814
2.131 2.028 -0.725 -0.479 0.972
-2.849 -4.820 -0.604 -0.092 1.124
-0.867 3.349 0.445 0.444 0.907
3.378 -3.415 0.271 0.342 0.890
3.362 3.460 0.698 0.480 0.928
-4.763 3.809 0.051 0.459 1.096
1.156 2.134 -0.402 0.222 1.157
-1.260 -0.143 -0.796 0.052 0.988
4.978 -1.642 -0.386 -0.711 0.905
0.439 2.724 -0.226 0.926 0.943
1.977 -1.961 -0.898 0.548 0.894
3.773 3.700 -0.167 -0.166 1.134
-3.911 -1.737 0.450 -0.701 0.808
-3.956 -1.212 0.126 0.491 1.105
-3.288 3.591 0.208 0.029 1.095
-3.745 -3.808 0.793 -0.612 0.817
-4.486 4.355 0.482 0.245 1.191
0.010 -1.390 0.939 -0.808 0.807
-4.399 4.916 0.651 -0.349 1.075
4.700 -1.042 0.167 0.797 0.873
-4.606 -4.996 0.504 0.222 0.987
-3.665 1.263 0.132 0.417 0.901
-2.037 -4.141 0.353 0.842 1.058
-1.082 0.164 -0.026 -0.910 1.063
-0.039 -2.993 -0.427 -0.441 1.065
3.414 -1.993 -0.232 -0.733 1.098
3.936 -1.384 -0.103 0.529 1.006
-4.455 -2.438 0.445 0.174 1.092
-4.778 4.854 0.589 0.291 1.137
1.233 -0.610 0.420 0.372 0.805
-0.069 0.064 -0.954 -0.575 1.029
-3.444 -0.094 0.999 -0.976 1.152
1.151 0.808 0.803 0.621 0.845
-3.792 2.627 -0.286 -0.282 1.161
-0.609 -1.217 0.549 -0.401 0.942
0.042 -2.475 0.811 0.800 0.984
1.056 -4.896 0.631 -0.467 0.895
4.004 1.579 -0.035 -0.999 1.182
-0.227 -4.279 0.581 0.522 1.088
-1.222 -4.758 0.425 0.199 0.845
-2.922 1.852 0.635 -0.141 1.046
0.781 2.656 -0.411 0.928 1.139
4.898 1.757 0.282 -0.092 0.843
-3.849 2.187 -0.282 -0.345 0.850
1.578 -1.457 -0.447 -0.124 0.834
-0.161 -4.367 -0.330 -0.614 0.835
0.112 -4.840 -0.340 -0.404 0.983
-0.378 1.059 -0.980 -0.357 1.081
3.558 -0.840 0.212 0.634 1.069
1.791 -0.046 0.338 -0.659 0.894
-0.839 -0.934 -0.123 0.212 0.867
-0.762 3.698 0.762 0.344 1.031
4.193 4.275 -0.360 0.358 0.895
-4.529 4.980 -0.762 -0.022 1.126
0.416 -2.105 0.571 0.636 1.025
-2.171 2.996 0.389 -0.465 1.120
3.161 1.596 0.286 -0.726 0.800
-3.933 2.774 -0.732 0.506 1.078
-4.120 -2.880 0.897 -0.732 0.817
1.656 2.363 0.173 -0.969 0.968
3.965 4.768 -0.398 0.176 0.917
-4.283 -2.918 0.102 -0.628 1.195
-4.333 -3.412 -0.929 0.247 0.930
1.420 -1.398 -0.924 0.853 0.835
4.794 -4.827 0.967 -0.557 0.995
-4.016 4.864 0.849 -0.857 1.177
1.787 0.296 0.945 -0.089 0.955
-2.974 1.983 -0.850 -0.941 1.075
4.095 1.382 0.184 -0.436 0.876
0.869 3.129 0.108 0.330 0.911
1.507 -1.684 0.906 0.044 0.815
-0.689 -1.840 0.531 -0.431 0.934
-1.002 -0.649 -0.909 -0.008 0.851
2.295 -3.439 -0.583 0.809 0.970
-3.606 -2.394 -0.886 0.130 0.875
-1.976 4.958 0.666 0.969 0.850
-0.193 0.467 -0.425 0.299 0.878
4.143 4.961 0.393 -0.233 0.992
1.341 1.489 0.396 0.680 1.041
2.169 3.537 -0.954 0.510 1.116
3.559 3.528 0.813 -0.606 0.852
2.713 2.154 -0.176 0.905 1.192
-0.594 3.490 0.772 0.355 0.829
-4.251 -1.428 -0.268 0.507 0.900
1.213 -0.086 0.461 0.891 0.999
1.692 -1.900 0.584 0.193 1.110
2.327 3.180 -0.287 0.436 0.808
-2.789 4.626 -0.415 -0.462 1.177
2.522 -2.265 0.445 0.540 1.198
-2.912 -1.577 -0.678 -0.872 0.971
2.665 1.337 0.829 -0.996 1.146
2.820 -0.443 0.536 0.051 0.925
4.356 3.394 -0.873 -0.598 1.156
0.886 1.264 0.331 -0.086 1.057
4.214 -3.773 -0.376 0.556 1.038
2.837 2.077 -0.729 -0.030 0.910
2.588 -2.713 0.757 -0.899 1.071
1.416 -0.130 -0.774 0.400 0.970
-0.302 4.260 -0.290 0.936 0.969
-4.300 3.918 0.896 0.638 1.152
-0.989 2.469 0.095 -0.855 0.962
-4.250 -3.241 0.915 0.813 1.012
0.651 -1.351 0.444 0.773 1.039
-3.867 2.883 1.000 0.410 1.133
-4.614 -2.767 -0.943 0.759 0.823
2.445 2.551 0.070 0.664 0.896
-4.751 -3.161 -0.804 0.853 0.936
1.841 0.080 -0.882 0.641 0.822
2.911 4.322 0.082 -0.950 0.809
4.979 -3.018 -0.651 -0.473 1.184
-1.923 0.987 0.400 -0.183 1.033
-1.098 2.955 -0.884 0.771 0.914
0.284 2.844 -0.461 -0.692 0.911
-4.344 -0.555 -0.785 0.033 0.966
4.330 -4.878 -0.832 0.838 1.032
-1.046 -0.837 0.300 -0.088 0.911
-4.717 -4.489 -0.728 0.834 1.124
1.135 -0.290 -0.239 0.040 1.010
0.619 0.723 0.231 -0.403 1.129
1.916 4.463 -0.111 0.762 1.160
0.959 0.847 0.561 0.494 1.186
1.702 4.473 0.089 0.136 0.874
-3.145 -4.142 -0.651 0.926 0.803
1.082 2.264 -0.724 0.024 1.183
1.365 0.328 0.472 -0.564 0.939
-4.239 -0.102 0.340 0.338 0.840
-1.207 3.698 0.022 0.819 1.142
-4.888 2.873 -0.483 0.813 1.017
-1.174 -3.852 -0.415 0.517 0.888
1.753 -4.239 0.083 0.863 0.953
3.042 2.673 0.752 0.408 0.939
2.688 3.692 -0.701 -0.557 1.022
3.513 4.106 0.937 -0.943 0.996
-3.912 -3.859 -0.493 0.300 1.081
-2.398 -0.340 -0.497 0.337 0.889
2.922 2.768 -0.303 -0.410 0.827
0.617 -0.867 0.397 0.519 0.945
0.623 3.785 -0.277 0.904 0.957
1.288 4.980 0.190 -0.599 1.086
-2.810 -3.311 0.910 0.569 1.163
-0.529 1.787 -0.864 -0.046 1.017
-1.860 0.904 -0.365 0.460 0.817
-3.321 -4.026 -0.736 -0.471 1.097
-3.874 0.820 0.313 -0.301 1.065
1.790 0.951 -0.196 0.071 0.999
4.567 -3.254 0.883 -0.788 1.019
-3.045 4.148 -0.398 0.828 1.065
0.529 3.818 -0.812 0.685 1.049
-1.038 -0.861 -0.770 -0.170 0.871
-0.493 -1.736 -0.777 0.308 0.837
-2.166 -3.388 0.797 -0.768 1.138
1.519 -0.713 -0.516 0.492 1.165
4.360 -3.111 0.372 -0.495 0.815
4.978 0.640 0.177 -0.350 0.894
-4.375 -1.179 0.306 -0.492 1.007
-0.754 -3.431 0.974 0.036 0.950
-3.660 -2.823 0.118 0.533 0.913
-0.046 0.014 -0.706 0.021 0.952
-1.865 3.942 0.820 -0.436 1.040
-0.328 1.808 -0.420 0.301 0.931
-0.123 -4.393 -0.527 0.003 1.061
-0.292 1.246 0.262 -0.308 1.150
-0.418 -0.813 -0.784 -0.712 0.945
-4.422 2.232 -0.273 -0.324 0.831
3.170 4.225 -0.715 0.784 0.909
2.933 2.015 0.737 0.424 1.017
-0.760 -4.758 -0.866 -0.289 1.030
4.996 2.162 -0.070 -0.035 1.173
-2.966 3.477 -0.009 0.491 1.160
-4.452 2.700 -0.566 -0.732 0.934
2.899 -4.800 -0.640 0.058 0.866
-0.506 0.731 -0.172 0.593 1.108
0.792 -3.637 0.947 -0.443 0.843
0.678 3.282 -0.860 0.105 1.027
2.611 -2.053 -0.036 0.331 0.971
0.349 -1.670 0.174 0.098 0.940
2.618 3.961 -0.725 -0.916 0.874
-4.381 2.453 0.847 0.622 1.065
0.375 -2.880 -0.260 -0.057 0.878
-0.856 4.343 -0.068 -0.163 0.932
4.783 2.633 -0.680 0.867 0.845
2.243 2.725 -0.194 -0.705 1.153
-4.224 1.331 -0.337 0.064 0.808
1.713 -4.936 -0.589 0.934 1.160
-3.611 -4.687 0.664 -0.075 0.862
-0.159 0.067 -0.427 0.451 1.194
-3.514 -0.359 -0.839 0.718 0.987
0.772 -2.342 0.616 0.447 0.927
-0.873 0.388 0.786 -0.758 0.971
0.587 -2.403 0.869 -0.180 0.990
2.779 -2.297 -0.178 -0.493 1.155
-2.153 -2.495 -0.466 0.044 1.005
-4.682 1.048 0.474 -0.375 0.965
1.164 -1.609 0.948 0.513 0.887
-2.400 -2.783 0.611 -0.100 1.019
-4.984 -4.213 0.262 0.955 0.906
-1.656 2.692 0.213 0.893 0.863
2.919 4.414 0.570 -0.659 0.914
-3.650 -1.009 0.474 0.801 0.859
-1.126 -1.272 -0.573 -0.436 0.859
0.778 -2.973 0.884 0.634 0.864
1.676 -2.880 0.351 0.257 0.939
1.849 3.027 -0.658 -0.624 0.924
-0.206 -3.138 -0.143 -0.162 0.836
0.467 0.562 -0.812 0.766 1.195
2.529 -0.545 0.481 0.063 1.102
-4.313 1.383 -0.672 0.150 0.949
-2.587 3.658 0.763 -0.369 1.182
-3.066 0.465 -0.708 0.608 1.194
-1.291 4.734 -0.090 -0.066 0.827
-3.304 -0.311 0.172 0.879 0.835
0.409 4.250 0.369 -0.187 1.126
-4.822 -1.280 -0.133 -0.299 1.163
2.932 0.825 -0.739 -0.015 0.983
1.851 3.151 0.979 0.188 0.999
0.301 -4.153 0.007 0.751 1.012
-3.490 2.066 -0.860 0.866 1.040
-3.158 -4.981 0.919 -0.300 0.957
2.619 4.025 0.998 0.135 0.928
-4.716 2.666 -0.111 0.933 1.069
-2.482 -3.505 -0.477 -0.890 0.900
4.921 -3.267 0.766 0.634 1.060
-3.990 0.866 0.908 -0.252 0.827
3.223 4.492 0.695 -0.817 0.935
3.717 2.022 -0.142 0.569 0.970
4.023 -2.924 -0.458 -0.802 0.985
2.614 0.332 0.018 0.375 1.159
-1.387 -0.721 -0.629 -0.268 0.861
1.429 1.548 -0.679 -0.318 1.118
-1.679 -2.627 -0.575 0.560 1.155
-1.346 2.376 0.839 -0.972 0.804
-4.724 -1.372 0.803 0.890 0.914
3.663 -1.931 -0.837 0.178 1.147
-4.186 -3.353 0.634 -0.817 0.992
1.565 0.900 -0.456 -0.722 1.088
-1.202 3.612 0.488 -0.872 0.812
2.832 4.723 -0.826 0.726 1.049
4.815 0.459 -0.297 0.301 1.004
-3.345 4.021 0.643 0.252 1.152
-2.792 -2.114 0.783 -0.524 0.807
-2.423 -4.280 0.404 -0.940 1.055
0.629 -2.423 -0.348 -0.680 1.053
-1.465 1.325 -0.650 0.370 0.842
-4.693 1.414 0.111 0.891 1.128
4.773 -0.317 -0.259 0.981 1.072
3.491 -2.896 -0.980 0.374 1.057
2.252 -4.481 0.477 0.924 1.022
-0.622 4.128 -0.394 -0.552 1.021
1.034 4.674 -0.012 0.300 1.087
-4.514 3.226 0.926 -0.156 1.115
0.857 -2.820 -0.404 -0.817 1.072
1.509 -2.430 -0.724 -0.576 0.932
-1.141 -3.493 -0.045 -0.107 1.196
-0.885 -2.023 0.884 0.284 1.109
0.582 3.152 -0.973 -0.660 0.861
-3.625 0.204 -0.151 -0.293 1.128
-4.344 -4.965 -0.494 0.101 0.929
1.412 -0.576 0.735 0.794 0.960
0.875 -2.655 0.632 0.636 1.063
-0.390 -1.638 -0.528 0.201 1.055
3.094 -0.769 -0.805 0.693 1.178
-0.561 1.608 0.254 -0.909 1.106
-0.705 0.645 -0.981 0.169 0.978
4.991 0.980 -0.145 0.436 1.126
-4.343 4.431 -0.572 0.361 1.064
4.657 -1.795 -0.020 0.328 1.109
4.145 -2.673 -0.843 -0.123 1.090
4.088 2.555 0.669 0.497 1.014
-4.948 2.222 0.201 -0.773 0.969
2.366 4.138 0.449 0.266 0.934
-3.154 -3.943 0.400 0.097 0.871
2.532 2.906 -0.623 0.362 1.003
3.405 -1.482 -0.486 -0.197 0.803
1.265 -0.070 0.646 -0.297 1.002
3.756 -3.725 -0.590 0.556 1.101
-1.511 2.978 0.630 0.477 0.913
1.092 -3.177 0.748 0.616 0.879
1.303 -2.495 0.140 -0.984 1.102
4.845 1.395 -0.080 0.627 0.818
2.450 4.163 -0.777 0.374 0.843
3.097 -2.640 -0.703 -0.995 1.092
-4.965 -0.393 0.298 0.652 0.836
-3.877 2.034 -0.611 0.306 0.843
4.773 -4.472 0.339 0.373 0.975
1.463 2.580 -0.608 0.302 1.043
1.217 -2.015 0.619 -0.261 1.188
4.258 -2.246 0.298 0.559 0.901
-0.208 -1.289 -0.066 -0.436 1.040
-2.694 4.427 0.816 0.129 0.968
0.507 -4.236 -0.005 -0.590 1.137
-2.939 1.575 0.335 0.648 1.097
2.884 1.862 0.876 -0.784 0.881
1.589 0.503 0.872 0.517 1.068
-0.456 -3.883 0.581 -0.619 0.917
-1.088 2.235 0.287 0.008 1.192
3.130 -1.363 -0.127 -0.033 1.135
-2.937 -4.235 -0.647 0.270 1.015
-2.514 -4.794 -0.660 -0.429 0.898
-3.164 -4.521 0.885 0.009 1.080
3.652 -0.260 -0.039 -0.769 1.082
-0.390 2.752 0.862 0.903 1.178
2.242 1.088 0.411 -0.090 1.136
3.082 -4.586 0.070 -0.916 0.942
-3.438 -4.692 -0.838 -0.533 1.138
-1.672 -4.577 -0.427 -0.452 0.988
-3.328 -1.661 -0.065 0.378 0.887
3.103 3.190 0.726 0.179 0.999
-0.220 -3.458 -0.091 0.244 0.812
-2.125 -1.226 0.632 -0.859 0.932
4.461 0.772 0.178 -0.986 0.935
-2.965 2.395 -0.910 -0.237 1.083
-2.169 0.198 0.684 -0.071 1.142
4.154 3.954 0.332 -0.226 0.928
-3.508 0.773 0.146 -0.067 0.906
2.542 2.222 0.989 -0.252 0.830
-1.241 -1.478 -0.912 -0.723 0.821
4.135 -0.787 -0.704 0.937 1.004
1.050 2.208 0.068 -0.868 1.106
0.077 4.269 -0.854 -0.354 0.969
1.010 4.438 0.725 0.970 1.184
3.903 1.818 0.654 0.886 1.132
0.499 -3.920 -0.208 -0.728 1.119
3.983 1.681 0.301 -0.991 1.066
3.365 -2.039 -0.741 -0.980 1.148
-0.970 -4.160 -0.920 0.828 0.844
0.428 3.608 -0.475 -0.614 1.134
-1.524 -0.306 0.953 0.713 1.181
-3.904 -0.865 -0.197 -0.503 1.028
3.161 -0.347 0.656 -0.535 1.151
-1.644 -2.689 0.227 0.432 0.965
-2.271 -4.196 0.959 0.138 1.124
1.618 1.840 -0.893 0.321 1.159
-0.571 -3.279 0.601 0.663 1.141
3.155 -4.303 -0.633 -0.133 0.913
4.082 4.326 0.653 0.192 1.006
-4.147 -2.048 0.989 -0.354 1.070
-3.426 1.275 0.103 0.787 1.087
4.324 2.115 -0.956 0.396 1.018
-2.193 -1.440 -0.378 -0.833 1.000
-2.797 2.856 -0.409 0.179 1.073
4.478 4.936 -0.711 0.121 0.829
0.947 -4.390 -0.663 -0.939 0.922
0.377 0.023 0.342 0.111 0.939
-3.116 3.744 -0.746 -0.766 1.012
-4.247 -3.213 -0.084 0.184 1.046
3.109 -1.548 -0.036 -0.706 0.918
-1.954 4.526 0.264 0.320 1.031
3.723 1.233 -0.569 -0.137 0.870
3.669 4.627 -0.801 -0.516 1.088
-3.998 -0.395 0.389 -0.255 0.971
1.560 2.075 -0.131 -0.051 1.182
0.551 -3.699 -0.603 -0.330 0.820
-4.447 4.133 0.878 0.415 1.072
-1.802 -3.479 -0.144 -0.134 0.844
-4.571 -3.050 -0.280 0.683 1.097
2.833 -3.485 -0.413 -0.287 0.886
0.936 -2.075 0.092 -0.306 1.052
-2.077 -2.481 -0.191 -0.900 0.956
2.613 -2.965 0.878 0.772 1.034
-1.359 0.694 -0.190 0.472 1.105
4.672 -3.202 -0.147 0.112 1.097
-0.012 3.164 0.243 -0.767 1.180
3.624 2.504 0.205 -0.656 1.071
2.958 3.911 -0.623 -0.700 1.053
0.800 1.083 -0.791 0.568 0.833
1.713 2.018 0.479 0.436 0.973
3.884 4.305 0.484 -0.942 1.001
-1.401 2.709 0.630 0.030 1.035
-3.888 4.307 -0.589 -0.187 1.178
-4.859 3.699 -0.337 -0.950 1.000
-3.395 -1.977 0.428 -0.678 0.911
-0.170 3.753 0.195 -0.520 0.981
4.618 -1.859 0.486 0.612 0.865
-1.886 -3.190 -0.526 -0.398 0.937
2.669 2.650 0.041 0.834 0.876
-1.547 -4.134 0.051 0.590 0.863
1.384 3.286 0.877 -0.540 0.849
-1.864 4.366 0.909 0.340 0.945
3.578 2.772 -0.199 -0.381 0.966
1.627 4.197 0.466 -0.393 0.860
-4.937 -2.847 0.710 0.932 1.070
4.760 -0.668 0.198 -0.407 1.160
-0.357 1.346 -0.171 0.796 0.842
4.089 -1.513 -0.010 0.697 1.113
-2.936 2.218 -0.859 -0.338 0.839
-0.823 2.457 0.088 0.265 0.936
3.375 3.599 -0.463 -0.730 0.886
0.223 -2.689 -0.631 0.087 0.844
2.149 -0.781 -0.454 -0.140 1.063
-1.111 -1.758 0.579 0.296 1.182
3.884 -4.438 -0.209 -0.769 0.817
-3.481 -3.842 0.032 -0.157 0.981
0.391 2.665 -0.918 -0.163 0.803
-0.037 -4.702 0.340 -0.328 0.907
1.029 -0.079 -0.044 0.170 0.863
3.678 0.244 -0.109 0.830 0.832
4.032 0.131 -0.256 0.540 1.078
1.534 -3.141 0.808 0.666 1.195
4.752 -1.473 0.619 0.538 1.007
-1.757 1.299 0.027 -0.309 0.960
0.092 -2.521 -0.669 0.127 0.815
-0.341 0.242 -0.720 0.856 1.053
-4.861 4.943 0.462 0.792 1.134
2.036 0.187 0.693 0.942 0.942
2.996 -3.974 0.785 -0.076 1.026
-1.924 1.839 0.710 0.894 1.164
3.043 3.195 -0.759 -0.786 1.041
0.924 -0.877 -0.507 0.040 0.853
-3.286 -4.458 0.598 0.546 0.944
2.732 2.009 -0.038 0.198 0.831
-3.777 2.381 0.035 0.145 1.078
1.699 1.256 -0.283 -0.775 1.030
4.150 0.206 0.408 -0.499 1.034
3.555 2.142 0.891 0.343 0.905
-0.977 -4.813 -0.531 -0.836 1.161
-2.767 -2.159 -0.925 -0.433 1.089
3.865 3.578 0.038 -0.916 0.870
2.956 2.974 -0.451 -0.752 1.157
-0.745 3.596 0.856 0.750 0.940
-1.889 -3.739 -0.552 0.486 1.193
-0.063 -0.802 -0.255 0.764 1.061
-2.574 4.403 0.491 -0.485 1.145
2.909 1.262 -0.622 -0.781 0.900
0.790 4.083 0.741 0.707 0.808
-1.427 3.061 0.004 -0.124 0.839
0.735 -1.888 -0.889 -0.933 0.918
-4.282 2.568 0.843 0.741 1.195
-2.349 1.568 -0.271 -0.827 1.024
-1.281 -4.669 0.243 -0.122 0.905
-4.517 -3.598 0.329 -0.579 1.173
4.873 1.522 -0.446 0.325 0.899
-0.946 -3.764 -0.099 -0.879 1.138
0.872 -3.919 -0.160 -0.195 0.815
4.883 0.523 -0.408 0.215 0.843
0.191 1.460 -0.787 -0.266 0.811
-2.477 -2.844 0.924 0.954 1.113
-1.421 -1.994 -0.108 -0.392 1.017
-2.424 2.498 0.739 0.731 0.966
3.718 -3.721 0.226 0.886 0.808
0.661 -0.734 0.255 -0.046 1.187
-1.536 -4.915 -0.122 -0.664 1.006
3.426 2.350 0.750 0.840 1.043
-0.216 1.877 -0.992 0.558 0.901
2.915 -3.273 -0.061 -0.620 1.005
1.169 2.542 -0.398 0.912 0.804
0.454 -0.789 -0.024 0.282 1.019
1.889 -0.462 -0.821 -0.112 1.120
0.155 3.051 0.163 0.896 1.030
0.126 3.205 0.094 -0.109 1.184
3.498 2.673 0.982 0.949 1.198
2.892 2.433 -0.598 -0.922 1.008
4.129 -3.352 0.558 -0.313 1.025
-4.803 2.799 -0.368 0.746 0.977
4.777 -2.134 0.837 0.374 1.170
0.367 0.863 0.277 -0.070 0.914
-3.283 -3.584 0.080 0.156 1.139
-3.226 -0.179 0.961 -0.720 1.183
3.729 2.577 -0.161 -0.142 1.005
3.934 -4.605 0.248 -0.765 1.050
3.547 -4.237 0.088 0.071 1.006
-1.253 1.161 0.960 0.085 1.135
-1.146 3.805 0.284 0.148 1.048
-4.659 1.419 -0.631 -0.062 1.170
0.374 -3.796 -0.679 -0.867 1.049
4.802 -3.655 0.205 0.649 1.074
-4.498 4.753 -0.579 -0.953 1.122
4.457 -0.292 0.477 -0.161 0.940
3.742 4.364 -0.930 -0.277 1.030
4.225 4.176 0.703 0.433 0.905
1.444 -1.850 0.384 -0.657 1.117
-2.836 3.196 0.343 -0.132 1.134
1.193 -3.943 -0.280 -0.073 1.132
-3.852 -4.670 0.505 0.002 1.023
2.925 0.989 -0.577 0.687 0.825
3.501 0.838 -0.949 0.175 0.940
-1.017 -0.587 0.982 0.189 1.115
4.538 -3.166 -0.936 0.420 1.034
0.928 -0.122 0.743 -0.970 0.928
0.946 -4.200 0.059 -0.421 0.998
-4.316 2.552 -0.991 0.928 0.885
-0.328 -4.785 -0.286 -0.527 0.896
-1.622 3.556 -0.603 0.599 0.965
1.619 2.745 -0.003 0.427 1.200
-1.177 -0.851 0.936 -0.203 1.068
-3.916 0.485 0.284 -0.928 0.944
4.534 2.679 0.766 -0.653 0.913
0.561 1.370 0.892 -0.279 0.957
-2.739 -0.211 0.408 -0.348 0.942
-3.604 -4.860 -0.644 -0.740 0.840
-2.145 -4.805 -0.773 -0.206 1.073
1.091 0.914 0.418 0.449 1.166
-4.053 -3.367 0.948 0.157 0.813
-4.369 -0.358 -0.243 0.727 1.025
4.544 4.768 0.765 0.692 0.975
-2.895 2.712 0.096 -0.950 1.126
-0.655 3.081 -0.335 -0.912 0.995
-4.777 4.595 0.905 0.205 0.986
1.985 2.138 -0.467 -0.244 0.960
0.972 -1.439 -0.882 -0.170 1.143
4.781 4.412 0.785 0.230 1.154
3.766 -2.036 -0.365 0.270 1.149
4.201 -1.699 0.659 0.982 1.186
-3.760 -3.609 0.284 0.480 0.839
4.643 2.141 -0.318 0.745 1.038
0.785 4.257 -0.585 -0.043 0.941
-2.422 3.835 0.116 0.585 1.000
3.621 2.735 0.771 0.788 1.188
-2.584 -2.410 0.392 0.836 1.060
0.167 2.616 -0.951 0.849 0.942
-1.269 -2.960 0.168 -0.280 1.132
2.278 0.612 0.594 0.746 0.826
-3.775 2.824 -0.039 0.703 0.911
-4.446 4.111 0.958 0.845 0.858
-2.815 1.118 -0.195 0.791 1.061
3.845 -3.431 -0.823 -0.556 0.922
-3.050 -1.475 0.730 -0.639 1.090
2.230 2.016 0.917 -0.852 0.880
2.511 -3.621 0.842 -0.170 0.825
2.715 -0.668 0.944 0.792 1.137
-2.663 0.742 0.352 0.195 1.189
-0.282 2.028 -0.775 -0.910 1.044
1.116 -0.060 0.529 0.649 1.054
1.758 -0.771 -0.441 0.894 0.883
0.317 0.305 0.678 0.386 1.198
3.253 -2.235 0.866 0.323 0.929
1.869 3.881 0.048 0.603 0.822
-4.245 -2.047 -0.691 -0.616 1.011
-1.728 3.836 0.638 -0.283 0.898
0.499 3.641 0.345 0.045 0.818
-1.273 -0.573 -0.625 -0.110 1.143
2.009 -4.118 0.524 -0.537 0.870
0.629 2.401 0.430 -0.045 1.069
-0.993 -4.850 -0.467 0.385 1.066
-0.611 -3.427 -0.131 0.325 0.834
2.980 -4.107 0.330 0.385 0.843
-0.674 -2.517 0.081 0.898 0.959
-0.671 0.507 0.503 0.872 0.952
-3.473 -4.902 0.916 -0.169 1.094
-4.558 3.686 0.782 0.667 1.018
4.502 -2.822 0.991 0.131 1.039
-3.505 0.894 0.063 0.317 1.018
-0.481 4.065 -0.553 0.599 0.892
-1.195 2.085 0.059 0.725 1.015
0.080 4.777 0.084 -0.652 0.816
1.260 -2.998 0.622 -0.450 0.932
-4.913 1.445 -0.682 -0.648 0.887
3.598 -3.364 -0.096 -0.522 1.182
0.636 -1.300 -0.563 0.607 1.030
2.315 0.181 -0.801 0.957 1.109
-2.040 -4.377 0.286 0.776 0.936
-3.890 -4.894 -0.139 0.372 1.175
3.869 -4.509 -0.058 -0.875 1.080
-4.118 -4.042 0.215 0.502 1.043
0.413 -2.835 -0.532 -0.553 0.956
2.053 2.112 0.814 0.244 0.883
-3.041 -0.130 0.288 -0.284 0.946
-2.746 -0.805 -0.263 -0.673 0.822
4.847 3.098 0.575 0.298 1.112
4.740 3.113 0.965 0.209 0.839
2.915 -4.902 -0.522 0.364 1.051
4.590 1.298 0.906 -0.329 0.932
3.073 2.818 -0.479 -0.478 1.169
-2.299 3.767 0.826 -0.518 0.805
-3.800 2.054 0.470 -0.249 0.851
-2.965 -4.226 0.451 -0.369 0.962
0.676 -3.007 -0.238 0.863 0.852
-4.636 3.406 -0.913 0.464 0.998
-3.422 0.881 0.034 -0.871 0.839
2.194 -1.270 0.492 0.151 1.152
-0.068 -1.115 0.879 0.448 0.880
-2.467 1.761 -0.055 -0.833 1.018
-1.549 1.166 0.164 -0.429 0.927
-3.691 1.281 -0.688 0.612 1.200
-3.702 0.490 0.102 0.463 1.092
3.609 -2.066 -0.633 -0.147 1.179
3.968 -0.227 -0.234 -0.612 1.057
0.606 -2.485 -0.784 -0.511 1.090
-3.032 -2.892 0.076 0.686 0.880
-4.572 1.584 0.831 0.746 0.876
3.898 -2.863 -0.446 0.761 0.870
1.522 3.564 -0.144 0.186 1.091
4.001 4.517 -0.537 -0.723 1.066
4.647 1.087 0.711 0.298 0.876
-3.356 -4.435 0.253 0.074 1.099
0.460 2.208 -0.819 -0.854 1.071
-0.070 -2.434 0.679 0.574 1.069
2.573 -1.494 0.107 -0.907 1.169
-2.913 -1.209 -0.681 -0.275 0.809
0.148 3.945 0.255 -0.766 0.932
4.374 2.033 0.716 0.487 1.027
2.049 -2.895 -0.948 0.152 0.845
-0.489 -1.317 -0.521 0.303 1.043
0.333 -3.937 0.001 0.177 1.181
4.833 -2.711 0.179 0.554 0.875
-2.079 -3.164 -0.846 -0.760 0.883
-2.685 -1.244 -0.738 -0.990 1.040
-3.548 3.425 0.615 -0.569 0.816
-1.924 1.095 0.545 -0.561 1.082
1.144 3.378 0.484 -0.457 0.868
-0.965 -4.830 0.385 0.976 0.947
4.423 -4.061 -0.860 -0.959 1.066
-1.712 -4.364 -0.947 -0.305 0.947
-1.719 -0.898 -0.422 -0.784 0.976
-1.538 -2.009 0.726 -0.250 1.175
2.408 4.266 -0.179 -0.928 0.997
-3.651 -0.276 0.345 0.709 1.027
-0.464 -1.365 0.369 -0.253 1.120
-3.800 2.250 0.060 0.807 0.969
-3.315 -0.782 -0.205 0.936 1.035
2.840 -1.373 0.235 -0.982 0.870
-2.204 -3.622 0.661 -0.672 1.094
3.169 4.627 0.174 -0.257 0.822
-3.215 -0.423 -0.047 -0.081 0.900
0.993 -2.740 -0.690 -0.256 1.126
0.638 3.458 0.883 -0.039 1.002
-3.146 3.731 0.893 -0.604 1.142
-3.636 -1.109 -0.219 -0.006 1.008
3.650 -3.199 -0.108 0.219 1.114
0.486 -4.980 -0.995 -0.783 0.826
-3.270 2.488 -0.420 0.600 0.860
-2.623 -3.246 -0.584 0.719 0.912
-1.747 -1.906 -0.984 0.568 0.959
4.599 1.663 0.952 -0.330 0.996
-2.378 2.531 0.807 0.363 0.928
2.610 -3.680 -0.588 -0.649 1.144
-0.762 -4.708 -0.105 0.936 0.932
3.389 3.546 -0.954 -0.968 0.922
4.918 4.552 -0.738 0.383 1.121
1.137 -0.447 0.149 -0.964 1.088
2.196 -3.127 -0.747 0.815 1.146
4.688 1.164 -0.594 0.709 1.002
-3.856 -0.408 0.655 -0.655 0.814
0.137 -3.860 0.843 -0.661 1.136
0.246 3.200 -0.072 0.863 0.805
4.904 -4.903 0.909 0.753 1.115
1.899 -1.652 -0.636 0.161 1.075
-0.893 -0.453 -0.020 -0.423 1.080
-0.359 4.139 -0.531 0.308 1.095
-1.269 4.843 -0.771 -0.608 0.926
1.189 2.049 -0.371 -0.638 1.051
0.308 -4.875 0.418 -0.011 0.817
-4.217 2.315 -0.466 -0.122 0.914
-0.565 -1.562 -0.928 -0.970 0.994
0.070 0.536 0.979 -0.100 0.922
4.832 -2.785 0.968 0.832 1.002
4.012 -4.672 -0.141 0.317 0.910
4.567 0.876 -0.252 0.105 0.876
4.563 1.941 0.933 0.210 1.176
-0.787 -0.368 -0.072 -0.785 1.010
2.414 -0.355 0.706 0.005 1.174
-3.044 2.830 -0.974 -0.103 0.868
-2.163 -1.056 0.983 -0.335 1.120
-1.665 -2.358 0.072 -0.730 1.007
-2.646 -2.039 -0.541 -0.179 0.928
0.143 -3.218 0.131 0.064 1.152
3.215 -1.049 0.963 0.223 0.922
-2.411 -2.672 0.310 -0.125 1.093
-0.978 3.042 0.770 -0.009 1.002
-2.944 -1.709 0.827 -0.338 0.906
2.423 -4.263 0.098 0.756 1.000
-3.528 -2.895 -0.785 -0.809 0.937
-1.871 0.030 -0.816 -0.482 0.997
2.361 -4.270 -0.716 -0.382 1.024
-4.877 -0.857 0.013 0.261 1.072
-3.073 -1.591 0.912 0.919 1.179
4.275 -4.819 -0.941 -0.265 1.002
-0.802 -0.088 0.404 0.244 1.157
0.299 2.846 0.079 -0.409 0.896
-3.684 3.533 -0.238 -0.675 0.919
-4.173 3.650 0.731 0.910 1.011
4.146 4.197 0.636 0.019 1.058
-4.196 -0.458 -0.197 0.415 0.885
-0.295 -3.686 -0.172 0.378 1.066
-1.455 1.065 0.026 -0.601 0.990
-4.881 -2.480 0.680 -0.254 1.071
-0.641 -0.953 -0.549 -0.453 1.124
-0.313 2.813 0.852 0.279 0.865
3.594 2.433 -0.527 -0.498 0.985
4.209 -2.354 -0.575 0.226 0.829
-3.140 1.627 0.209 0.416 0.832
-4.069 0.810 0.308 0.391 1.053
-2.439 2.805 -0.311 0.793 1.134
-4.632 -3.190 -0.247 -0.892 0.842
-0.255 0.444 -0.065 -0.725 0.904
2.342 3.180 0.301 0.147 0.922
3.783 -1.465 0.828 -0.828 1.190
3.405 1.737 -0.839 -0.145 1.073
-2.715 -3.007 -0.226 -0.415 0.878
2.987 -2.611 0.715 -0.470 1.197
4.388 4.641 -0.412 0.952 0.896
0.588 1.981 0.414 -0.661 1.060
-3.590 -4.752 -0.256 0.615 0.915
1.257 2.462 -0.779 -0.725 1.188
-2.569 2.173 0.022 0.786 1.024
-1.325 -4.523 0.980 0.288 0.900
-2.712 -1.876 -0.618 0.604 0.832
-0.351 3.722 0.011 0.272 1.052
0.620 3.421 0.964 0.108 1.144
-1.386 -2.474 0.112 -0.966 0.815
-3.049 -4.097 -0.258 0.923 1.049
-1.295 1.158 0.457 -0.215 1.057
-2.818 -1.275 0.762 0.555 1.040
2.475 1.304 0.233 0.675 0.850
-1.030 0.080 0.603 -0.087 0.908
2.994 -4.235 -0.356 -0.991 0.923
1.222 0.913 0.976 0.717 1.199
-4.117 0.902 -0.364 0.707 1.003
3.512 2.586 -0.643 0.387 0.902
4.325 2.360 -0.767 -0.365 0.901
-2.807 0.614 -0.525 -0.255 1.101
-3.281 -2.699 0.645 -0.764 0.859
4.763 0.282 0.401 0.561 0.963
3.952 -3.581 -0.848 -0.339 0.988
-2.624 -2.749 0.317 0.929 1.109
4.682 2.307 -0.027 -0.304 0.872
2.968 -2.496 0.412 -0.747 1.119
1.791 4.578 0.663 -0.694 1.009
0.599 -0.846 0.826 0.024 1.047
-2.373 -0.750 -0.852 0.193 0.869
-0.192 -4.436 -0.321 0.906 0.999
-2.333 3.536 -0.719 0.909 1.127
3.533 -4.856 0.426 0.817 1.026
0.624 -1.207 0.241 0.884 0.879
3.499 3.254 0.620 0.592 1.183
-3.121 -2.880 0.759 -0.172 1.141
4.588 -3.082 -0.524 -0.763 1.090
-0.032 -0.318 -0.784 -0.963 1.082
-3.975 0.005 -0.753 0.776 0.835
-3.244 -2.948 -0.265 -0.898 1.008
-0.921 -3.356 -0.442 0.029 1.012
3.761 -2.178 0.089 0.575 1.137
4.472 0.224 0.827 -0.410 1.153
-1.051 2.157 0.134 -0.988 1.136
0.615 1.084 -0.082 -0.297 0.957
-3.267 -0.839 -0.769 0.266 0.914
-1.958 4.849 -0.667 0.984 0.903
-1.967 1.919 -0.285 -0.869 1.093
-0.018 -2.355 -0.427 0.618 0.973
4.467 4.349 -0.500 0.299 1.181
-1.611 -1.179 -0.076 -0.626 0.967
1.556 -2.210 0.302 -0.905 0.802
3.579 0.466 0.777 0.457 0.987
2.678 4.647 0.467 -0.101 1.122
3.564 -1.065 0.526 -0.805 1.194
3.677 -1.003 0.836 0.600 1.137
2.222 2.524 0.288 0.048 1.002
3.021 3.264 0.656 -0.893 0.814
3.269 3.801 0.286 0.867 1.069
2.276 -3.625 -0.476 -0.563 0.879
-4.552 4.487 -0.769 0.565 1.192
1.363 -3.927 -0.002 -0.689 0.844
-1.561 3.554 -0.757 -0.252 0.842
3.207 -4.535 -0.105 -0.356 0.891
-1.699 2.545 0.823 0.726 0.957
0.625 2.912 -0.690 -0.728 1.173
1.719 -3.798 -0.014 0.292 0.985
1.055 4.017 -0.113 -0.027 1.137
-1.382 2.226 0.246 0.671 1.160
4.885 -3.424 -0.311 0.703 0.925
0.412 4.160 0.203 0.794 1.061
-2.222 -4.546 -0.835 -0.616 1.016
-2.445 3.007 -0.663 0.098 0.998
-3.419 -3.342 0.718 0.401 0.828
-1.302 1.889 -0.407 -0.453 0.973
2.971 -0.444 0.733 -0.386 1.163
-0.979 0.240 -0.917 -0.541 0.909
4.002 -2.529 -0.118 -0.927 0.848
-4.347 4.692 -0.950 0.970 0.935
-4.233 -1.502 0.504 -0.214 1.172
-4.390 -0.902 -0.433 0.563 0.919
-3.562 4.193 -0.688 -0.990 0.874
-0.074 0.018 -0.051 -0.375 1.148
0.718 3.027 -0.379 -0.106 1.087
-1.161 -3.238 -0.434 -0.717 1.122
4.317 -2.896 0.071 -0.931 1.153
-1.869 -0.358 -0.739 -0.417 0.971
0.945 0.285 -0.283 -0.648 0.908
3.648 -4.071 0.151 -0.724 0.996
-3.663 -1.373 0.696 -0.612 0.956
-4.169 -1.560 0.400 -0.488 0.821
-1.725 -3.811 0.687 0.638 0.851
3.298 -4.098 0.737 -0.287 1.016
-4.132 -0.094 0.058 -0.949 1.009
-3.930 -0.145 0.205 -0.728 0.999
-1.183 4.060 -0.983 -0.181 1.157
-0.101 -3.498 0.977 -0.040 1.118
2.850 1.957 -0.060 -0.335 1.053
3.084 -2.149 0.181 -0.276 1.045
-3.262 -4.450 0.475 0.689 0.850
-3.467 0.593 -0.030 0.554 1.174
2.143 1.248 0.667 0.588 0.853
-4.940 3.535 -0.216 -0.253 1.190
-3.612 -3.724 -0.462 0.780 1.055
4.877 -1.622 0.372 -0.385 0.851
3.738 3.132 0.620 -0.202 1.054
1.410 -1.242 0.016 -0.861 0.985
-4.351 -2.974 -0.900 0.361 0.813
0.987 -4.566 0.413 0.020 0.905
2.860 1.815 0.146 0.574 1.117
-4.576 1.213 0.517 0.544 1.026
4.531 4.454 0.676 -0.180 1.180
0.992 3.101 0.240 0.766 0.883
-2.676 -0.897 0.086 0.063 1.136
3.593 2.821 -0.471 0.309 0.900
4.991 4.467 -0.316 -0.671 1.049
-4.508 -4.324 -0.331 0.360 0.852
3.129 0.972 -0.336 -0.413 0.813
0.915 -2.730 -0.351 -0.755 1.143
-1.574 2.922 -0.608 0.688 0.933
1.520 -3.615 -0.730 -0.828 0.948
1.762 -3.239 -0.924 0.805 0.818
1.776 -3.679 -0.908 -0.608 0.814
-4.020 2.603 -0.405 -0.583 1.107
4.956 4.189 0.258 0.420 0.925
3.941 -2.328 0.077 0.900 0.955
-1.799 -0.367 -0.979 0.343 1.183
3.516 -3.922 -0.210 -0.019 0.988
-1.425 -2.418 0.545 -0.646 0.909
4.225 3.333 -0.067 -0.536 1.010
-3.570 -2.764 0.497 -0.969 0.848
0.341 1.512 0.836 -0.679 1.054
0.305 -3.659 0.027 -0.110 1.080
-2.987 3.505 -0.869 0.682 0.957
1.472 -1.506 -0.141 -0.308 1.171
3.698 -4.959 -0.748 -0.542 0.860
-1.290 -3.712 -0.108 0.376 1.190
-4.976 4.006 -0.973 -0.261 0.902
1.843 -2.833 0.366 -0.470 1.066
2.445 -0.601 0.695 -0.252 1.093
3.731 -2.373 -0.366 -0.500 1.153
0.246 0.799 -0.077 -0.986 1.055
1.250 0.483 -0.379 -0.125 1.186
-1.239 -1.401 -0.690 0.682 1.016
-2.575 0.304 -0.557 -0.086 0.930
-0.286 -4.452 -0.869 0.222 0.986
-3.246 2.766 0.945 0.885 0.898
-4.140 -3.684 -0.059 0.455 0.892
4.901 2.575 -0.491 0.233 1.068
-4.470 -3.393 0.643 0.179 0.913
1.912 1.833 0.628 0.598 0.925
-0.651 0.139 0.713 0.829 0.910
-0.628 1.265 0.734 0.490 1.161
0.027 -1.774 -0.178 -0.187 1.165
0.589 4.208 -0.342 -0.112 1.158
3.825 1.008 -0.011 -0.455 1.137
3.373 1.944 0.093 0.656 1.175
3.057 -3.580 0.348 0.714 1.042
-1.689 2.245 0.915 0.788 1.105
1.135 -0.324 0.464 0.370 1.143
4.840 -0.909 0.778 0.045 0.960
2.338 2.438 0.520 -0.711 1.071
-4.179 -3.542 0.803 0.672 1.039
-0.696 3.125 -0.530 -0.934 0.919
-0.836 -0.699 0.059 -0.424 0.846
-3.949 0.590 -0.700 0.344 1.174
-3.578 3.316 0.131 0.408 0.921
2.515 2.754 -0.555 0.703 1.080
-1.726 2.296 -0.220 0.536 1.101
-4.391 -4.909 -0.693 0.037 0.873
2.455 -0.311 -0.141 0.926 0.920
3.542 -3.419 -0.044 0.297 0.948
-1.964 -1.663 0.236 -0.756 1.002
-2.139 -4.948 -0.202 0.236 0.912
-3.782 0.718 -0.712 -0.336 1.090
-4.953 4.617 0.012 0.286 0.957
3.144 4.268 -0.050 0.567 1.173
0.064 0.666 0.206 -0.841 1.164
-1.538 -3.986 -0.877 -0.575 0.964
-3.032 -3.840 0.860 -0.948 0.830
1.434 1.124 0.025 -0.528 1.189
4.937 1.695 -0.412 0.678 0.962
-4.973 -3.580 0.673 -0.339 1.085
-2.292 -3.511 0.108 -0.983 0.992
0.684 0.003 -0.576 -0.040 1.063
1.341 -4.516 0.635 0.480 1.166
-2.356 3.263 -0.192 0.206 1.078
-1.093 4.299 -0.117 0.394 0.858
-0.378 2.974 0.282 0.376 1.005
-2.409 -2.961 0.120 0.527 0.966
2.248 2.564 -0.539 0.710 1.000
0.503 -0.153 -0.198 -0.152 0.987
0.468 -1.990 0.787 0.469 1.144
1.666 -4.009 -0.811 0.501 0.960
0.143 3.449 -0.531 -0.948 0.973
3.076 -4.624 -0.255 0.796 1.071
0.643 1.725 -0.057 -0.252 0.800
2.987 4.878 -0.490 0.313 0.886
-1.451 4.273 0.804 -0.180 0.887
-2.903 4.272 0.033 0.706 0.909
-2.945 3.794 -0.036 0.207 1.150
-3.027 0.257 -0.825 -0.063 1.031
0.111 -3.431 0.929 -0.022 1.071
2.320 2.473 -0.201 -0.217 0.998
1.366 2.290 0.165 0.248 0.871
-2.246 -0.289 0.427 -0.808 1.093
-1.284 -4.958 -0.637 -0.937 1.151
3.153 -2.678 -0.175 -0.274 0.832
-4.778 -0.302 0.102 0.515 0.894
0.639 -2.934 0.835 0.317 0.990
4.673 1.198 -0.062 -0.072 0.982
1.666 3.606 -0.440 0.687 1.164
3.463 -3.472 0.810 -0.378 1.098
-4.580 -2.879 -0.722 -0.977 1.073
0.115 -2.489 -0.802 0.941 0.948
-1.385 -4.773 0.185 -0.116 1.127
-4.193 -4.926 0.076 -0.249 0.804
2.442 -4.022 0.465 0.334 1.159
1.989 -2.278 -0.472 -0.340 1.022
-4.651 -4.330 -0.726 0.842 1.079
-2.116 3.699 -0.087 -0.162 0.838
-0.308 -3.401 -0.458 0.096 0.892
1.152 -2.783 -0.736 -0.879 1.120
-0.906 -0.116 0.638 -0.615 0.991
0.791 1.951 0.658 -0.864 0.983
-0.105 -2.552 -0.346 -0.266 1.042
-0.485 0.800 -0.512 0.209 0.939
1.233 1.636 0.473 0.697 1.108
2.647 -1.689 -0.523 -0.336 1.034
2.212 4.196 0.422 -0.575 1.095
-2.542 -4.417 -0.644 -0.390 0.840
-0.722 3.339 -0.725 0.069 0.869
4.912 -3.937 0.285 -0.792 0.974
3.405 3.107 -0.424 -0.335 1.150
3.596 -1.396 -0.076 0.743 0.817
1.935 -0.529 -0.661 0.354 1.053
-0.322 3.650 -0.591 0.830 0.880
-3.121 4.354 0.480 0.350 1.101
-3.791 -2.593 0.134 0.353 1.127
4.961 -2.939 0.214 0.283 0.801
4.959 4.403 -0.334 -0.434 1.058
1.450 -4.452 0.100 0.192 0.981
1.125 3.996 -0.696 0.396 0.836
